randomMaxTimes = [23.7500000000000,23.7500000000000,23.7500000000000,22.8416666666667,21.4250000000000,20.7055555555556,19.6694444444444,17.1500000000000,19.0333333333333,15.7000000000000,15.5750000000000,14.4388888888889];
randomTotalTimes = [35145.0416666667,33138.9250000000,30960.1583333333,26964.1305555556,23612.7527777778,20436.1583333333,17804.1277777778,15330.0388888889,13715.8861111111,11771.0722222222,10310.0250000000,8900.81388888889];
