maxGreedy = [3.34722222222222 0.997222222222222 0.591666666666667 0.561111111111111 0.633333333333333 0.588888888888889 0.419444444444444 0.591666666666667 0.483333333333333 0.369444444444444 0.613888888888889 0.447222222222222 0.719444444444444 0.569444444444444 0.611111111111111 0.419444444444444 0.530555555555556]

totalGreedy = [161.613888888889 34.8416666666667 18.6694444444444 7.93888888888889 6.82222222222222 7.63055555555556 4.38055555555556 3.73055555555556 3.90555555555556 3.60555555555556 4.10833333333333 2.83055555555556 5.36111111111111 3.95555555555556 5.01111111111111 3.025 3.38055555555556]

