maxGreedy =

  Columns 1 through 11

    3.7611    1.3500    1.2639    0.9694    1.0944    0.9778    0.9194    0.9611    1.1639    1.1250    0.9472

  Columns 12 through 17

    1.2000    0.9667    0.9333    1.0806    0.9611    0.9972


totalGreedy =

  Columns 1 through 11

  192.5694   54.9500   36.6889   27.1167   15.5389   14.0833   16.1028   10.6167   11.8056   10.2278   11.0028

  Columns 12 through 17

   10.9778   10.9750    7.9194    9.8639    9.7528    8.9944

