maxNeighbor =

  Columns 1 through 11

   22.7500   20.9361   18.9611   15.1722    9.6556    6.6806    4.3639    3.7278    3.1722    1.8944    1.3611

  Column 12

    0.9889


totalNeighbor =

   1.0e+04 *

  Columns 1 through 11

    3.3846    2.9950    2.5469    1.7095    1.0186    0.5687    0.2583    0.1245    0.0606    0.0249    0.0145

  Column 12

    0.0065

